Dataset size= 10000
Hidden layer size = 25
Iterations = 100
Threads = 4

Run:	   1	Duration:	14.399889
Run:	   2	Duration:	14.373764
Run:	   3	Duration:	14.369379
Run:	   4	Duration:	14.367446
Run:	   5	Duration:	14.417703
Run:	   6	Duration:	14.404901
Run:	   7	Duration:	14.420340
Run:	   8	Duration:	14.409650
Run:	   9	Duration:	14.413184
Run:	  10	Duration:	14.416837

Povprecje:
14.399 +- 0.006
