Dataset size= 10000
Hidden layer size = 25
Iterations = 100
Threads = 8

Run:	   1	Duration:	7.583377
Run:	   2	Duration:	7.574376
Run:	   3	Duration:	7.568471
Run:	   4	Duration:	7.564359
Run:	   5	Duration:	7.569531
Run:	   6	Duration:	7.563665
Run:	   7	Duration:	7.563557
Run:	   8	Duration:	7.562397
Run:	   9	Duration:	7.560557
Run:	  10	Duration:	7.558264

Povprecje:
7.567 +- 0.002
