Dataset size= 10000
Hidden layer size = 25
Iterations = 100
Threads = 32

Run:	   1	Duration:	7.169172
Run:	   2	Duration:	7.126694
Run:	   3	Duration:	7.037090
Run:	   4	Duration:	7.079848
Run:	   5	Duration:	7.157704
Run:	   6	Duration:	7.129667
Run:	   7	Duration:	7.080631
Run:	   8	Duration:	7.155502
Run:	   9	Duration:	7.178882
Run:	  10	Duration:	7.151932

Povprecje:
7.127 +- 0.014
