Dataset size= 15000
Hidden layer size = 25
Iterations = 100
Threads = 24

Run:	   1	Duration:	7.620898
Run:	   2	Duration:	7.570135
Run:	   3	Duration:	7.570013
Run:	   4	Duration:	7.561055
Run:	   5	Duration:	7.571094
Run:	   6	Duration:	7.562446
Run:	   7	Duration:	7.591966
Run:	   8	Duration:	7.561570
Run:	   9	Duration:	7.584493
Run:	  10	Duration:	7.569430

Povprecje:
7.576 +- 0.006
