Dataset size= 15000
Hidden layer size = 25
Iterations = 100
Threads = 4

Run:	   1	Duration:	21.513228
Run:	   2	Duration:	21.485617
Run:	   3	Duration:	21.474610
Run:	   4	Duration:	21.477514
Run:	   5	Duration:	21.495851
Run:	   6	Duration:	21.491799
Run:	   7	Duration:	21.458491
Run:	   8	Duration:	21.449213
Run:	   9	Duration:	21.454615
Run:	  10	Duration:	21.463002

Povprecje:
21.476 +- 0.006
