Dataset size= 15000
Hidden layer size = 25
Iterations = 100
Threads = 1

Run:	   1	Duration:	81.229181
Run:	   2	Duration:	81.045272
Run:	   3	Duration:	81.045444
Run:	   4	Duration:	81.048242
Run:	   5	Duration:	81.057173
Run:	   6	Duration:	81.060767
Run:	   7	Duration:	81.082285
Run:	   8	Duration:	81.031652
Run:	   9	Duration:	81.019462
Run:	  10	Duration:	81.023492

Povprecje:
81.064 +- 0.018
