Dataset size= 20000
Hidden layer size = 25
Iterations = 100
Threads = 4

Run:	   1	Duration:	28.585342
Run:	   2	Duration:	28.542363
Run:	   3	Duration:	28.539020
Run:	   4	Duration:	28.518990
Run:	   5	Duration:	28.513250
Run:	   6	Duration:	28.526720
Run:	   7	Duration:	28.534350
Run:	   8	Duration:	28.522646
Run:	   9	Duration:	28.503999
Run:	  10	Duration:	28.534037

Povprecje:
28.532 +- 0.007
