Dataset size= 20000
Hidden layer size = 25
Iterations = 100
Threads = 8

Run:	   1	Duration:	15.025727
Run:	   2	Duration:	14.997695
Run:	   3	Duration:	15.002793
Run:	   4	Duration:	15.006442
Run:	   5	Duration:	14.989034
Run:	   6	Duration:	14.992231
Run:	   7	Duration:	14.996860
Run:	   8	Duration:	14.991888
Run:	   9	Duration:	14.985143
Run:	  10	Duration:	14.965181

Povprecje:
14.995 +- 0.005
