Dataset size= 20000
Hidden layer size = 25
Iterations = 100
Threads = 16

Run:	   1	Duration:	14.340675
Run:	   2	Duration:	14.663694
Run:	   3	Duration:	14.646147
Run:	   4	Duration:	14.655003
Run:	   5	Duration:	14.761523
Run:	   6	Duration:	14.548216
Run:	   7	Duration:	14.555381
Run:	   8	Duration:	14.545294
Run:	   9	Duration:	14.518932
Run:	  10	Duration:	14.513948

Povprecje:
14.575 +- 0.034
