Dataset size= 20000
Hidden layer size = 25
Iterations = 100
Threads = 32

Run:	   1	Duration:	12.366944
Run:	   2	Duration:	12.270496
Run:	   3	Duration:	12.271630
Run:	   4	Duration:	12.377775
Run:	   5	Duration:	12.183756
Run:	   6	Duration:	12.220964
Run:	   7	Duration:	12.179109
Run:	   8	Duration:	12.377563
Run:	   9	Duration:	12.234058
Run:	  10	Duration:	12.197563

Povprecje:
12.268 +- 0.024
