Dataset size= 25000
Hidden layer size = 25
Iterations = 100
Threads = 1

Run:	   1	Duration:	135.301009
Run:	   2	Duration:	135.340487
Run:	   3	Duration:	135.322701
Run:	   4	Duration:	135.370759
Run:	   5	Duration:	135.446818
Run:	   6	Duration:	135.329064
Run:	   7	Duration:	135.314270
Run:	   8	Duration:	135.336068
Run:	   9	Duration:	135.355852
Run:	  10	Duration:	135.376327

Povprecje:
135.349 +- 0.013
