Dataset size= 5000
Hidden layer size = 25
Iterations = 100
Threads = 1

Run:	   1	Duration:	27.166446
Run:	   2	Duration:	27.148515
Run:	   3	Duration:	27.148356
Run:	   4	Duration:	27.144737
Run:	   5	Duration:	27.144356
Run:	   6	Duration:	27.131156
Run:	   7	Duration:	27.136652
Run:	   8	Duration:	27.134801
Run:	   9	Duration:	27.139724
Run:	  10	Duration:	27.136865

Povprecje:
27.143 +- 0.003
