Dataset size= 5000
Hidden layer size = 25
Iterations = 100
Threads = 4

Run:	   1	Duration:	7.260275
Run:	   2	Duration:	7.239701
Run:	   3	Duration:	7.248234
Run:	   4	Duration:	7.261797
Run:	   5	Duration:	7.248479
Run:	   6	Duration:	7.231581
Run:	   7	Duration:	7.228254
Run:	   8	Duration:	7.226841
Run:	   9	Duration:	7.224791
Run:	  10	Duration:	7.230550

Povprecje:
7.240 +- 0.004
