Dataset size= 5000
Hidden layer size = 25
Iterations = 100
Threads = 8

Run:	   1	Duration:	3.864300
Run:	   2	Duration:	3.846092
Run:	   3	Duration:	3.846825
Run:	   4	Duration:	3.841542
Run:	   5	Duration:	3.846223
Run:	   6	Duration:	3.845647
Run:	   7	Duration:	3.848305
Run:	   8	Duration:	3.851556
Run:	   9	Duration:	3.846065
Run:	  10	Duration:	3.850649

Povprecje:
3.849 +- 0.002
