Dataset size= 5000
Hidden layer size = 25
Iterations = 100
Threads = 24

Run:	   1	Duration:	2.860509
Run:	   2	Duration:	2.828358
Run:	   3	Duration:	2.833825
Run:	   4	Duration:	2.831229
Run:	   5	Duration:	2.821815
Run:	   6	Duration:	2.833234
Run:	   7	Duration:	2.825291
Run:	   8	Duration:	2.866690
Run:	   9	Duration:	2.824910
Run:	  10	Duration:	2.833474

Povprecje:
2.836 +- 0.005
