Dataset size= 10000
Hidden layer size = 25
Iterations = 100

Run:	   1	Duration:	53.668866
Run:	   2	Duration:	53.646846
Run:	   3	Duration:	53.578834
Run:	   4	Duration:	53.613832
Run:	   5	Duration:	53.567234

Povprecje:
53.615 +- 0.017
