Dataset size= 10000
Hidden layer size = 25
Iterations = 200

Run:	   1	Duration:	107.238591
Run:	   2	Duration:	107.208271
Run:	   3	Duration:	107.139473
Run:	   4	Duration:	107.026642
Run:	   5	Duration:	107.035870

Povprecje:
107.130 +- 0.039
