Dataset size= 10000
Hidden layer size = 25
Iterations = 100
Threads = 4

Run:	   1	Duration:	21.384637
Run:	   2	Duration:	22.831742
Run:	   3	Duration:	14.137644
Run:	   4	Duration:	15.304862
Run:	   5	Duration:	27.970206

Povprecje:
20.326 +- 2.275
