Dataset size= 10000
Hidden layer size = 25
Iterations = 100
Threads = 16

Run:	   1	Duration:	19.542455
Run:	   2	Duration:	19.469460
Run:	   3	Duration:	19.528002
Run:	   4	Duration:	19.484455
Run:	   5	Duration:	19.603011

Povprecje:
19.525 +- 0.021
