Dataset size= 15000
Hidden layer size = 25
Iterations = 100
Threads = 4

Run:	   1	Duration:	21.347106
Run:	   2	Duration:	28.354912
Run:	   3	Duration:	38.581668
Run:	   4	Duration:	20.398369
Run:	   5	Duration:	28.034571

Povprecje:
27.343 +- 2.912
