Dataset size= 10000
Hidden layer size = 25
Iterations = 20
Threads = 24

Run:	   1	Duration:	1.080266
Run:	   2	Duration:	1.033614
Run:	   3	Duration:	1.036406
Run:	   4	Duration:	1.034484
Run:	   5	Duration:	1.033315
Run:	   6	Duration:	1.033063
Run:	   7	Duration:	1.035594
Run:	   8	Duration:	1.031781
Run:	   9	Duration:	1.031588
Run:	  10	Duration:	1.038302

Povprecje:
1.039 +- 0.004
