Dataset size= 10000
Hidden layer size = 25
Iterations = 80
Threads = 16

Run:	   1	Duration:	6.108556
Run:	   2	Duration:	6.029419
Run:	   3	Duration:	6.028669
Run:	   4	Duration:	6.019701
Run:	   5	Duration:	6.036288
Run:	   6	Duration:	5.985689
Run:	   7	Duration:	6.011713
Run:	   8	Duration:	6.025378
Run:	   9	Duration:	6.046261
Run:	  10	Duration:	5.991817

Povprecje:
6.028 +- 0.010
