Dataset size= 10000
Hidden layer size = 25
Iterations = 40
Threads = 32

Run:	   1	Duration:	2.836128
Run:	   2	Duration:	2.873453
Run:	   3	Duration:	2.915100
Run:	   4	Duration:	2.849418
Run:	   5	Duration:	2.877143
Run:	   6	Duration:	2.873260
Run:	   7	Duration:	2.855387
Run:	   8	Duration:	2.865253
Run:	   9	Duration:	2.878156
Run:	  10	Duration:	2.925601

Povprecje:
2.875 +- 0.008
