Dataset size= 10000
Hidden layer size = 25
Iterations = 20
Threads = 32

Run:	   1	Duration:	1.467447
Run:	   2	Duration:	1.431391
Run:	   3	Duration:	1.394438
Run:	   4	Duration:	1.406903
Run:	   5	Duration:	1.461763
Run:	   6	Duration:	1.436484
Run:	   7	Duration:	1.430134
Run:	   8	Duration:	1.424075
Run:	   9	Duration:	1.444500
Run:	  10	Duration:	1.417067

Povprecje:
1.431 +- 0.007
