Dataset size= 10000
Hidden layer size = 25
Iterations = 100
Threads = 24

Run:	   1	Duration:	5.182978
Run:	   2	Duration:	5.157022
Run:	   3	Duration:	5.150232
Run:	   4	Duration:	5.157032
Run:	   5	Duration:	5.148098
Run:	   6	Duration:	5.149584
Run:	   7	Duration:	5.181818
Run:	   8	Duration:	5.161740
Run:	   9	Duration:	5.155907
Run:	  10	Duration:	5.156084

Povprecje:
5.160 +- 0.004
