Dataset size= 10000
Hidden layer size = 25
Iterations = 20
Threads = 1

Run:	   1	Duration:	10.839182
Run:	   2	Duration:	10.811710
Run:	   3	Duration:	10.801831
Run:	   4	Duration:	10.810070
Run:	   5	Duration:	10.807676
Run:	   6	Duration:	10.816406
Run:	   7	Duration:	10.799934
Run:	   8	Duration:	10.807746
Run:	   9	Duration:	10.807657
Run:	  10	Duration:	10.809267

Povprecje:
10.811 +- 0.003
