Dataset size= 10000
Hidden layer size = 25
Iterations = 40
Threads = 1

Run:	   1	Duration:	21.684006
Run:	   2	Duration:	21.631975
Run:	   3	Duration:	21.636348
Run:	   4	Duration:	21.640493
Run:	   5	Duration:	21.629582
Run:	   6	Duration:	21.633547
Run:	   7	Duration:	21.634522
Run:	   8	Duration:	21.635669
Run:	   9	Duration:	21.632339
Run:	  10	Duration:	21.635896

Povprecje:
21.639 +- 0.005
