Dataset size= 10000
Hidden layer size = 25
Iterations = 100
Threads = 1

Run:	   1	Duration:	54.358517
Run:	   2	Duration:	54.251811
Run:	   3	Duration:	54.255146
Run:	   4	Duration:	54.254982
Run:	   5	Duration:	54.256885
Run:	   6	Duration:	54.254521
Run:	   7	Duration:	54.251938
Run:	   8	Duration:	54.261171
Run:	   9	Duration:	54.253022
Run:	  10	Duration:	54.252338

Povprecje:
54.265 +- 0.010
