Dataset size= 10000
Hidden layer size = 25
Iterations = 40
Threads = 24

Run:	   1	Duration:	2.156887
Run:	   2	Duration:	2.082491
Run:	   3	Duration:	2.083644
Run:	   4	Duration:	2.090630
Run:	   5	Duration:	2.083756
Run:	   6	Duration:	2.088791
Run:	   7	Duration:	2.106232
Run:	   8	Duration:	2.080500
Run:	   9	Duration:	2.094861
Run:	  10	Duration:	2.083996

Povprecje:
2.095 +- 0.007
