Dataset size= 10000
Hidden layer size = 25
Iterations = 20
Threads = 16

Run:	   1	Duration:	1.710848
Run:	   2	Duration:	1.574367
Run:	   3	Duration:	1.501890
Run:	   4	Duration:	1.442335
Run:	   5	Duration:	1.438782
Run:	   6	Duration:	1.449859
Run:	   7	Duration:	1.454504
Run:	   8	Duration:	1.452704
Run:	   9	Duration:	1.441008
Run:	  10	Duration:	1.437524

Povprecje:
1.490 +- 0.027
