Dataset size= 10000
Hidden layer size = 25
Iterations = 20
Threads = 8

Run:	   1	Duration:	1.543578
Run:	   2	Duration:	1.512756
Run:	   3	Duration:	1.516226
Run:	   4	Duration:	1.518250
Run:	   5	Duration:	1.514271
Run:	   6	Duration:	1.511420
Run:	   7	Duration:	1.516577
Run:	   8	Duration:	1.515149
Run:	   9	Duration:	1.514806
Run:	  10	Duration:	1.514845

Povprecje:
1.518 +- 0.003
