Dataset size= 10000
Hidden layer size = 25
Iterations = 100
Threads = 16

Run:	   1	Duration:	8.237922
Run:	   2	Duration:	7.633663
Run:	   3	Duration:	7.604162
Run:	   4	Duration:	7.477630
Run:	   5	Duration:	7.519426
Run:	   6	Duration:	7.438602
Run:	   7	Duration:	7.456808
Run:	   8	Duration:	7.484320
Run:	   9	Duration:	7.435719
Run:	  10	Duration:	7.454155

Povprecje:
7.574 +- 0.073
