Dataset size= 10000
Hidden layer size = 25
Iterations = 80
Threads = 24

Run:	   1	Duration:	4.208465
Run:	   2	Duration:	4.135582
Run:	   3	Duration:	4.137477
Run:	   4	Duration:	4.133349
Run:	   5	Duration:	4.159165
Run:	   6	Duration:	4.140793
Run:	   7	Duration:	4.135496
Run:	   8	Duration:	4.136874
Run:	   9	Duration:	4.135108
Run:	  10	Duration:	4.151760

Povprecje:
4.147 +- 0.007
