Dataset size= 10000
Hidden layer size = 25
Iterations = 40
Threads = 8

Run:	   1	Duration:	3.065256
Run:	   2	Duration:	3.036572
Run:	   3	Duration:	3.036510
Run:	   4	Duration:	3.033130
Run:	   5	Duration:	3.034618
Run:	   6	Duration:	3.031184
Run:	   7	Duration:	3.028898
Run:	   8	Duration:	3.030902
Run:	   9	Duration:	3.025103
Run:	  10	Duration:	3.034119

Povprecje:
3.036 +- 0.003
