Dataset size= 10000
Hidden layer size = 25
Iterations = 150

Run:	   1	Duration:	80.432109
Run:	   2	Duration:	80.429455
Run:	   3	Duration:	80.404917
Run:	   4	Duration:	80.338589
Run:	   5	Duration:	80.426027

Povprecje:
80.406 +- 0.016
